((("inspect" .
   [0 0 0 1 0 0 0])
  ("rescue" .
   [0 0 0 0 1 0])
  ("toto" .
   [1 0 0 0])
  ("first" .
   [2 0 0 0 0])
  ("item" .
   [1 0 0 1])
  ("position" .
   [1 0 0 0 0 0 1 1])
  ("include" .
   [2 0 0 0 0 0 0])
  ("unless" .
   [0 0 0 1 0 0])
  ("camp_copy" .
   [0 0 0 0 0 1 1 0 0])
  ("include?" .
   [2 0 0 0 0 0 0 1])
  ("player_back" .
   [0 0 0 0 0 0 2 0 0 0 0])
  ("player2" .
   [3 0 0 0 0 0 0])
  ("player" .
   [6 0 0 0 0 0])
  ("en" .
   [4 0])
  ("camp" .
   [6 0 1 0])
  ("pos" .
   [9 0 0])
  ("len" .
   [1 0 0])
  ("size" .
   [1 0 0 0])
  ("subtract_case" .
   [0 0 0 0 0 0 0 1 0 0 0 0 0])
  ("else" .
   [0 0 0 1])
  ("eql?" .
   [1 0 0 0])
  ("choice" .
   [1 0 0 0 0 0])
  ("C1" .
   [1 0])
  ("to_i" .
   [1 0 0 0])
  ("A1" .
   [1 0])
  ("board_instances" .
   [0 0 0 0 0 0 0 0 1 1 0 0 0 0 0])
  ("board_name" .
   [2 0 0 0 0 0 1 1 2 0])
  ("open" .
   [0 0 1 0])
  ("gem" .
   [4 0 0])
  ("ruby" .
   [1 0 0 0])
  ("org" .
   [1 0 0])
  ("rubygems" .
   [0 0 0 0 1 0 0 0])
  ("root" .
   [2 0 0 0])
  ("perform" .
   [0 0 0 1 0 0 0])
  ("Scrapper" .
   [0 0 0 2 3 0 0 0])
  ("get_uri" .
   [0 0 0 0 1 0 0])
  ("value" .
   [2 0 0 1 0])
  ("valeur" .
   [1 0 0 0 0 0])
  ("href" .
   [0 0 1 0])
  ("sleep" .
   [0 0 0 1 0])
  ("words" .
   [5 0 1 1 0])
  ("my_hash" .
   [1 0 5 4 0 0 0])
  ("points" .
   [0 0 0 1 0 0])
  ("letters" .
   [1 0 0 0 0 0 0])
  ("f4" .
   [1 0])
  ("firefox" .
   [0 0 0 0 1 0 0])
  ("name" .
   [6 0 0 0])
  ("price" .
   [2 0 0 0 0])
  ("get_price" .
   [1 0 0 0 0 0 0 0 0])
  ("search" .
   [1 0 0 0 0 0])
  ("css" .
   [1 0 0])
  ("page_url" .
   [0 0 0 0 2 2 0 0])
  ("mes_audes" .
   [0 0 0 1 0 0 0 0 0])
  ("i_end" .
   [1 0 0 0 0])
  ("emails" .
   [3 0 0 0 0 0])
  ("search_div" .
   [0 0 0 0 0 1 0 0 0 0])
  ("require" .
   [0 0 0 0 0 2 0])
  ("pres" .
   [1 0 0 0])
  ("tags" .
   [1 0 0 0])
  ("url" .
   [10 0 0])
  ("page" .
   [1 0 1 0])
  ("offset" .
   [1 0 1 0 1 0])
  ("next" .
   [0 0 0 1])
  ("next_url" .
   [1 0 0 0 0 0 0 0])
  ("pp" .
   [10 0])
  ("links" .
   [5 0 2 2 1])
  ("each" .
   [1 0 0 0])
  ("link" .
   [5 0 0 0])
  ("names" .
   [2 0 0 0 0])
  ("parse_pres_job" .
   [0 0 0 0 0 0 0 1 0 0 0 0 0 0])
  ("parse_type_job" .
   [0 0 0 0 0 0 0 0 0 1 0 0 0 0])
  ("job" .
   [1 0 0])
  ("to_s" .
   [3 0 1 1])
  ("status" .
   [3 0 0 0 0 3])
  ("nbre_case" .
   [0 0 1 0 1 0 0 0 0])
  ("instances" .
   [0 0 0 2 0 0 0 0 0])
  ("BoardCase" .
   [0 0 0 1 1 0 0 0 0])
  ("new" .
   [5 0 0])
  ("array" .
   [1 0 0 0 0])
  ("board" .
   [1 0 0 0 0])
  ("left_up" .
   [0 0 0 0 1 0 0])
  ("left_up_middle" .
   [0 0 0 0 0 0 0 1 0 0 0 0 0 0])
  ("game" .
   [2 0 0 0])
  ("Board" .
   [1 0 0 0 0])
  ("print_board" .
   [0 0 0 0 0 0 1 0 0 0 0])
  ("left_up_center" .
   [1 0 0 0 0 0 0 0 0 0 0 0 0 0])
  ("middle_center" .
   [1 0 0 0 0 0 0 0 0 0 0 0 0])
  ("down_left" .
   [0 0 0 0 0 0 0 1 0])
  ("new_status" .
   [0 0 0 0 0 1 0 0 0 0])
  ("class" .
   [0 0 1 0 0])
  ("de" .
   [3 0])
  ("play" .
   [2 0 0 0])
  ("erb" .
   [1 0 0])))
